1 0.32119149999999996 0.690671 0.07099300000000003 0.16748999999999992
1 0.319007 0.625681 0.01966000000000001 0.040999999999999925
1 0.3386665 0.626117 0.021845000000000003 0.04012800000000005
1 0.5702134999999999 0.5188185 0.11358900000000005 0.600173
1 0.6046185 0.726873 0.13434100000000015 0.5120659999999999
1 0.661686 0.6474895 0.11959600000000004 0.5958110000000001
1 0.875485 0.47912699999999997 0.06662400000000002 0.11253200000000002
1 0.8902300000000001 0.692415 0.04259600000000019 0.14655400000000007
1 0.923815 0.481308 0.04532599999999998 0.10991600000000001
1 0.9792460000000001 0.5240525 0.04150799999999999 0.12910700000000008
