1 0.019826499999999997 0.4260505 0.039652999999999994 0.08012099999999994
1 0.05198150000000001 0.8786285 0.10396300000000001 0.24274300000000004
1 0.5 0.410207 1.0 0.13746200000000003
1 0.0874625 0.42830799999999997 0.06177100000000001 0.06657999999999997
1 0.213543 0.4412855 0.049924000000000024 0.04513900000000004
1 0.3675475 0.7194535 0.28177699999999994 0.5495670000000001
1 0.2609285 0.43959250000000005 0.04315499999999997 0.05078099999999991
1 0.3040835 0.4412855 0.03300100000000006 0.04513900000000004
1 0.33835400000000004 0.44749150000000004 0.016923999999999995 0.03949699999999995
1 0.37093200000000004 0.4441065 0.038078 0.039497000000000004
1 0.418318 0.4378995 0.03300000000000003 0.04513899999999993
1 0.44962650000000004 0.44579900000000006 0.03130900000000003 0.03611199999999998
1 0.485166 0.443542 0.02792399999999995 0.03836800000000001
1 0.5211285 0.44128500000000004 0.03553899999999999 0.03611199999999998
1 0.549476 0.44579899999999995 0.017770000000000064 0.029339999999999977
1 0.5727454999999999 0.4424135 0.0372309999999999 0.03611099999999995
1 0.646363 0.4424135 0.028770000000000073 0.02934099999999995
1 0.7005185 0.43902800000000003 0.040617000000000014 0.031598000000000015
1 0.7584820000000001 0.43902800000000003 0.038077999999999945 0.031598000000000015
1 0.8084060000000001 0.431693 0.034694 0.04175400000000001
1 0.9936864999999999 0.38655399999999995 0.012627000000000055 0.08012199999999997
