1 0.051948 0.56776 0.103896 0.43978999999999996
1 0.17537000000000003 0.4124255 0.023605999999999988 0.07475499999999996
1 0.2566805 0.5832935 0.173111 0.48444899999999996
1 0.268811 0.715813 0.13442400000000002 0.535904
1 0.30913900000000005 0.30272049999999995 0.014425999999999994 0.06504700000000002
1 0.361269 0.41922099999999995 0.022950000000000026 0.06504599999999999
1 0.404219 0.5036845 0.027540000000000064 0.16989700000000002
1 0.7301150000000001 0.376019 0.023606000000000127 0.036892000000000036
1 0.8156875000000001 0.45854049999999996 0.06098300000000012 0.16115899999999994
1 0.8730640000000001 0.573585 0.16786599999999996 0.466974
1 0.9758755 0.453686 0.048248999999999986 0.18445999999999996
1 0.9880065 0.576012 0.02398700000000009 0.34756
