1 0.1308125 0.257353 0.261625 0.12290999999999999
1 0.09789900000000001 0.543317 0.13467800000000002 0.774134
1 0.19758749999999997 0.5477775 0.13731899999999997 0.7354769999999999
1 0.2969455 0.182021 0.061397000000000035 0.12092799999999998
1 0.36725549999999996 0.1686395 0.066019 0.06839299999999998
1 0.6115240000000001 0.5492640000000001 0.253512 0.605628
1 0.5214084999999999 0.17904699999999998 0.04819300000000004 0.160576
1 0.5920485 0.1701265 0.0231070000000001 0.021806999999999993
1 0.6376014999999999 0.20333199999999998 0.05743700000000007 0.112006
1 0.766338 0.5175449999999999 0.2700159999999998 0.7622399999999999
1 0.6782029999999999 0.3118695 0.03036800000000006 0.04163100000000003
1 0.709892 0.2509105 0.01980599999999988 0.028744999999999993
1 0.8983749999999999 0.312365 0.03234999999999999 0.06442799999999993
1 0.9531705 0.3758025 0.05215499999999995 0.2725829999999999
