1 0.32191499999999995 0.3404105 0.02631 0.06434700000000004
1 0.337316 0.904083 0.023743999999999987 0.10037999999999991
1 0.366835 0.4931255 0.03144400000000003 0.07464099999999996
1 0.3908995 0.47639549999999997 0.030803000000000025 0.07206700000000005
1 0.5692975 0.260192 0.025668999999999942 0.068636
1 0.6402075 0.5368809999999999 0.01989300000000005 0.07807400000000009
1 0.6540045 0.41333600000000004 0.029519000000000073 0.07292599999999999
1 0.6928285 0.08131000000000001 0.021177 0.06606200000000001
1 0.7313315 0.158954 0.01604299999999992 0.061771999999999994
1 0.863525 0.6119515 0.031443999999999805 0.090943
