1 0.04990700000000001 0.274914 0.019903999999999998 0.042119999999999935
1 0.081368 0.2534155 0.022471999999999992 0.086871
1 0.10287650000000001 0.202083 0.014125000000000013 0.01228399999999999
1 0.2993475 0.225775 0.023115000000000052 0.04913999999999999
1 0.4030405 0.22182649999999998 0.034028999999999976 0.051770999999999984
1 0.620057 0.2810565 0.039166000000000034 0.16145699999999996
1 0.7254309999999999 0.3395075 0.18659800000000015 0.15710899999999994
1 0.6874735000000001 0.2687715 0.04430299999999987 0.147417
1 0.7616315 0.2893925 0.03723900000000002 0.181639
1 0.9616335 0.2893925 0.07126900000000003 0.19567900000000002
