1 0.040526 0.460451 0.020566 0.03388199999999997
1 0.0669675 0.4663435 0.020565 0.027988999999999986
1 0.0953675 0.4707625 0.018607 0.027988999999999986
1 0.210926 0.4958055 0.014690000000000009 0.054505000000000026
1 0.23345049999999998 0.49138650000000006 0.012730999999999992 0.027989000000000097
1 0.3029815 0.508327 0.030359000000000025 0.12668800000000002
1 0.3754505 0.5046445 0.04406899999999997 0.263687
1 0.4141335 0.5252675 0.058759000000000006 0.28725700000000004
1 0.472402 0.484757 0.07736600000000005 0.51559
1 0.6765889999999999 0.536316 0.23895199999999994 0.8632439999999999
