1 0.1342875 0.42087549999999996 0.09799300000000001 0.10734700000000003
1 0.160075 0.411859 0.105728 0.22328199999999998
1 0.213584 0.41744100000000006 0.08122999999999994 0.10563000000000006
1 0.47726050000000003 0.458662 0.5905330000000001 0.650094
1 0.2819205 0.3921065 0.11217499999999997 0.233587
1 0.330917 0.40026550000000005 0.05286399999999997 0.07643100000000008
1 0.3650855 0.3410095 0.05157500000000004 0.08330099999999996
1 0.41859399999999997 0.3388625 0.03739199999999998 0.02576299999999998
1 0.4611435 0.319111 0.05544299999999991 0.04122199999999998
1 0.44567100000000004 0.32168699999999995 0.021920000000000106 0.006869999999999987
1 0.8357070000000001 0.3405805 0.041260000000000074 0.05152699999999999
1 0.8898599999999999 0.3564675 0.033524 0.03864500000000004
1 0.9285414999999999 0.350027 0.03610300000000011 0.07041999999999998
1 0.9465925 0.352174 0.03094499999999989 0.05238599999999999
1 0.980116 0.3538915 0.033524 0.05238500000000007
1 0.9971494999999999 0.34873899999999997 0.005701000000000067 0.042080000000000006
