1 0.1561725 0.5075115 0.04121899999999998 0.21497299999999991
1 0.1635335 0.560028 0.019136999999999987 0.05693400000000004
1 0.24413149999999997 0.484934 0.019872999999999974 0.15214999999999995
1 0.276886 0.5590459999999999 0.070662 0.339638
1 0.30228 0.47070049999999997 0.02870600000000001 0.07852900000000002
1 0.327674 0.52469 0.02355400000000002 0.0706759999999999
1 0.354172 0.534506 0.033858000000000055 0.05496999999999996
1 0.3692615 0.473646 0.01398499999999997 0.031412000000000107
1 0.3843505 0.44272500000000004 0.011777000000000037 0.036320000000000074
1 0.5024875 0.485916 0.046370999999999885 0.16393000000000008
1 0.626881 0.5683715 0.09200799999999998 0.25620099999999996
1 0.6574275 0.5251805 0.04563499999999998 0.24638499999999997
1 0.6478585 0.43192699999999995 0.0206090000000001 0.024540000000000062
1 0.689078 0.5492299999999999 0.029441999999999968 0.11582999999999999
1 0.7516425 0.4387985 0.010305000000000009 0.026503
1 0.7645234999999999 0.442234 0.011040999999999968 0.023557999999999968
1 0.815312 0.5202724999999999 0.052260000000000084 0.19730499999999995
1 0.81936 0.504076 0.030914000000000108 0.17668999999999996
1 0.844386 0.4515595 0.025025999999999993 0.09129100000000001
1 0.8789804999999999 0.5030939999999999 0.04416300000000006 0.18454399999999993
