1 0.10738299999999999 0.6320835 0.18753 0.5120410000000001
1 0.16222699999999998 0.44980200000000004 0.22114399999999995 0.272538
1 0.467406 0.40142900000000004 0.15037799999999996 0.244222
1 0.5284415 0.5158715 0.19814500000000007 0.35276500000000005
1 0.5943425 0.2816775 0.12118699999999993 0.382261
1 0.723048 0.4427225 0.10968800000000001 0.409397
1 0.8013325 0.5707335 0.17072300000000007 0.5521550000000002
1 0.9021745 0.630314 0.11411099999999985 0.5438960000000002
1 0.946443 0.3595455 0.10711399999999993 0.18877100000000002
1 0.975152 0.668658 0.044228000000000045 0.571032
