1 0.1181365 0.588525 0.108697 0.13099799999999995
1 0.1447325 0.599369 0.048567 0.10410399999999997
1 0.261814 0.582452 0.093086 0.1327339999999999
1 0.41560949999999997 0.5985015 0.005202999999999958 0.07634299999999994
1 0.4367135 0.260161 0.03469099999999997 0.05205199999999999
1 0.452035 0.601972 0.012141999999999986 0.09022399999999997
1 0.532402 0.601538 0.05608399999999991 0.08762199999999987
1 0.558709 0.1833835 0.05897400000000008 0.073741
1 0.546278 0.6175875 0.03179999999999994 0.06940299999999999
1 0.574898 0.19075750000000002 0.023128000000000037 0.05552300000000002
1 0.822937 0.6540245 0.04972399999999999 0.08501900000000007
