1 0.503183 0.342649 0.879112 0.44605
1 0.2961095 0.3999315 0.03148100000000004 0.03221299999999999
1 0.3039805 0.3202695 0.03148099999999998 0.03830699999999998
1 0.3302145 0.301986 0.039351000000000025 0.05920199999999998
1 0.351202 0.32549300000000003 0.03672799999999998 0.04004800000000003
1 0.39842299999999997 0.5279134999999999 0.03672799999999993 0.07226100000000002
1 0.39776750000000005 0.454781 0.030169000000000057 0.04440199999999994
1 0.4869635 0.3346345 0.140353 0.12449900000000003
1 0.49745700000000004 0.41473250000000006 0.08001400000000003 0.065297
1 0.4915545 0.50876 0.06033899999999992 0.11405199999999999
1 0.5814064999999999 0.5292195 0.038039000000000045 0.0644269999999999
1 0.6542060000000001 0.31722249999999996 0.07083200000000012 0.051366999999999996
1 0.6542064999999999 0.396884 0.041974999999999985 0.027859999999999996
1 0.6535505 0.50963 0.038038999999999934 0.03917799999999999
1 0.8102995000000001 0.5009239999999999 0.041975000000000096 0.09663999999999995
