1 0.41669599999999996 0.5377305 0.054672 0.302797
1 0.4239255 0.5387715000000001 0.06053299999999995 0.303691
1 0.467163 0.530122 0.11097800000000002 0.27678200000000003
1 0.4691175 0.2928335 0.018009000000000053 0.044605000000000006
1 0.5006345 0.22292450000000003 0.020582999999999962 0.028307
1 0.501599 0.294978 0.022512000000000032 0.04889399999999999
1 0.5414775000000001 0.268816 0.026371000000000033 0.04632000000000003
1 0.586429 0.4897585 0.06557800000000014 0.178755
1 0.5794269999999999 0.2743915 0.03537599999999996 0.05232499999999998
1 0.581356 0.21520450000000002 0.016080000000000094 0.014582999999999985
1 0.64439 0.2662425 0.022511999999999976 0.042888999999999955
1 0.644712 0.222924 0.01800999999999997 0.016298000000000007
1 0.729293 0.580191 0.14986599999999994 0.2298860000000001
1 0.73524 0.5406934999999999 0.1297140000000001 0.15184499999999995
1 0.713534 0.27739349999999996 0.032159999999999966 0.051466999999999985
1 0.7087105 0.3421565 0.02122499999999994 0.043747000000000036
1 0.718037 0.4030585 0.025728000000000084 0.042030999999999985
1 0.895239 0.268816 0.034089999999999954 0.053182000000000035
1 0.8887354999999999 0.4594855 0.01729500000000017 0.15857300000000008
1 0.903148 0.4590044999999999 0.04467999999999983 0.14992299999999997
1 0.935577 0.4604465 0.04323799999999989 0.16049500000000005
1 0.9728330000000001 0.4441085 0.05433399999999999 0.123975
1 0.9783325 0.4442325 0.04333500000000001 0.11580099999999993
