1 0.062448500000000004 0.6027374999999999 0.12489700000000001 0.3097389999999999
1 0.1593165 0.48456049999999995 0.030417000000000027 0.033357000000000026
1 0.2583295 0.2557065 0.209477 0.511413
1 0.343823 0.47645950000000004 0.034420000000000006 0.057182999999999984
1 0.437562 0.2465725 0.16912400000000005 0.456521
1 0.566351 0.5384075 0.034420000000000006 0.03812100000000007
1 0.6267849999999999 0.5055274999999999 0.07684400000000002 0.10197500000000004
1 0.818896 0.5393604999999999 0.03201799999999988 0.040026999999999924
1 0.8685244999999999 0.5365015 0.027214999999999878 0.034309000000000034
1 0.9717835 0.5069565 0.054430999999999896 0.11245899999999992
1 0.9834905 0.6256105000000001 0.03301900000000002 0.14009700000000003
1 0.9850915 0.615127 0.029816999999999982 0.1610640000000001
