1 0.0078405 0.6156895 0.015681 0.10915500000000011
1 0.013312000000000001 0.68586 0.026624000000000002 0.07277
1 0.0591625 0.6438444999999999 0.033978999999999995 0.14640699999999995
1 0.0942935 0.6828285000000001 0.060471 0.113487
1 0.096309 0.6113580000000001 0.040314000000000016 0.08316599999999996
1 0.149293 0.673732 0.04146600000000003 0.09356199999999992
1 0.178953 0.639946 0.025915999999999995 0.11088799999999988
1 0.2129315 0.6685345 0.062775 0.07623500000000005
1 0.204581 0.630417 0.02534000000000003 0.07277
1 0.243167 0.6356145 0.02879599999999999 0.10395700000000008
1 0.2702355 0.6629035000000001 0.04722499999999999 0.0701710000000001
1 0.296727 0.6642025 0.043769999999999976 0.05371099999999995
1 0.2909685 0.6200205000000001 0.01958099999999996 0.036385
1 0.3142925 0.6581385 0.04088900000000001 0.06237499999999996
1 0.3439525 0.6156895 0.020733 0.04158300000000015
1 0.41766900000000007 0.6104915 0.020732000000000028 0.04678099999999996
1 0.44099350000000004 0.6126575 0.025916999999999968 0.04244899999999996
1 0.4674855 0.6135235000000001 0.02130899999999991 0.04591500000000004
1 0.569933 0.697672 0.133726 0.17954599999999998
1 0.6359405 0.6793635 0.11172699999999991 0.14813900000000002
1 0.6206785000000001 0.6048605 0.023612999999999995 0.05284500000000003
1 0.680055 0.661456 0.10796399999999995 0.24256600000000017
1 0.6486105 0.6052935 0.014973000000000014 0.041582999999999926
1 0.9647870000000001 0.653374 0.041466 0.08576399999999995
