1 0.3533925 0.49980749999999996 0.706785 0.9996149999999999
1 0.30733849999999996 0.4087435 0.364603 0.817487
1 0.24561 0.11719 0.023076000000000013 0.09268000000000001
1 0.33070350000000004 0.2622735 0.024806999999999968 0.06409699999999996
1 0.390701 0.361883 0.009808000000000039 0.07275799999999999
1 0.40512349999999997 0.35971699999999995 0.02365299999999998 0.07015999999999994
1 0.54733 0.1986105 0.04961400000000005 0.12905899999999998
1 0.6396345 0.18951500000000002 0.04384499999999991 0.174966
1 0.7674190000000001 0.17652299999999999 0.04326799999999997 0.16283999999999998
1 0.804341 0.18085400000000001 0.0790360000000001 0.239062
