1 0.0155035 0.272234 0.031007 0.13885199999999998
1 0.12842800000000001 0.2558075 0.175948 0.510687
1 0.0707395 0.237087 0.017275000000000006 0.037316000000000016
1 0.2466575 0.232314 0.10768099999999997 0.433912
1 0.3284255 0.302607 0.08119299999999996 0.20654200000000003
1 0.37909950000000003 0.29957 0.036277000000000004 0.18831799999999999
1 0.43092450000000004 0.3225675 0.07082700000000003 0.22389900000000001
1 0.41393749999999996 0.2396905 0.017274999999999985 0.05293700000000007
1 0.45194249999999997 0.227107 0.026488999999999985 0.086782
1 0.47267250000000005 0.2492365 0.011517 0.06161500000000003
1 0.485341 0.247501 0.013819999999999943 0.06682199999999999
1 0.5103894999999999 0.3173605 0.051249000000000045 0.216955
1 0.5112535 0.2297105 0.038005000000000067 0.04165500000000005
1 0.5688375 0.2852515 0.039156999999999886 0.152737
1 0.563367 0.296099 0.027063999999999866 0.137984
1 0.5999325 0.28394949999999997 0.05182500000000001 0.15013300000000002
1 0.621238 0.27830849999999996 0.04261199999999998 0.137117
1 0.6629860000000001 0.290024 0.0673720000000001 0.14839800000000003
1 0.7315105 0.29957 0.06622099999999997 0.18658200000000003
1 0.78823 0.349036 0.08407200000000004 0.26642200000000005
1 0.968974 0.38201350000000006 0.062051999999999996 0.26295100000000005
