1 0.37365499999999996 0.03352 0.016425999999999996 0.041978
1 0.5592085 0.548204 0.308445 0.845032
1 0.4384465 0.078691 0.02190100000000006 0.084868
1 0.46430249999999995 0.08279800000000001 0.007909 0.025552000000000005
1 0.472211 0.071391 0.013992000000000004 0.081218
1 0.5409575 0.05679 0.011559000000000097 0.073918
1 0.5753305 0.058615 0.010951000000000044 0.05749200000000001
1 0.6793625 0.024394 0.007301000000000002 0.045628
1 0.690009 0.02041 0.007908000000000026 0.04082
1 0.700351 0.017216 0.006692000000000031 0.034432
1 0.721036 0.0099155 0.006692000000000031 0.019831
