1 0.19407999999999997 0.230696 0.024290000000000006 0.040246000000000004
1 0.2172655 0.203702 0.016192999999999985 0.06086
1 0.521993 0.5271435 0.25762 0.5978030000000001
1 0.4748855 0.187505 0.013249000000000066 0.040246000000000004
1 0.6581634999999999 0.3421095 0.1177689999999999 0.41816700000000007
1 0.786237 0.586636 0.20756799999999997 0.826728
1 0.7597389999999999 0.374012 0.101576 0.46037599999999995
1 0.9533225000000001 0.2572 0.016193000000000013 0.040245999999999976
1 0.9731955 0.2483655 0.011777000000000148 0.034357000000000026
1 0.9886525 0.251801 0.013249000000000066 0.039263999999999966
